4 195 196 125 213
4 131 196 201 213
4 131 125 196 213
4 191 200 198 202
4 110 197 103 210
4 195 201 196 213
4 142 141 121 65
4 196 200 191 203
4 199 201 191 205
4 201 205 199 211
4 192 197 95 202
4 205 211 201 213
4 191 203 192 205
4 125 195 155 196
4 88 197 192 217
4 88 95 192 197
4 191 201 199 219
4 64 108 194 198
4 75 151 193 206
4 103 197 204 210
4 191 200 196 219
4 110 103 197 215
4 191 197 199 205
4 197 205 192 217
4 119 142 121 194
4 88 192 95 217
4 156 195 125 213
4 84 197 110 210
4 195 191 201 205
4 142 65 121 194
4 193 191 200 203
4 111 110 103 210
4 121 114 119 194
4 192 202 191 205
4 142 141 65 140
4 191 193 200 202
4 69 198 194 200
4 177 122 110 215
4 151 68 75 193
4 65 114 121 194
4 191 195 203 205
4 75 193 60 206
4 187 195 145 213
4 77 194 140 207
4 191 196 195 201
4 109 194 198 204
4 182 211 205 213
4 197 191 199 204
4 103 204 197 215
4 186 112 199 211
4 65 140 77 194
4 109 194 108 198
4 85 197 177 215
4 112 113 102 211
4 80 68 93 193
4 145 195 156 213
4 152 87 214 217
4 185 177 85 197
4 182 199 205 211
4 191 195 196 203
4 193 200 72 206
4 80 60 68 193
4 192 203 148 212
4 140 65 142 194
4 122 118 110 215
4 168 177 185 197
4 174 205 197 217
4 191 202 197 205
4 192 202 95 214
4 102 199 112 211
4 83 177 110 215
4 126 131 125 196
4 109 194 204 209
4 68 151 163 193
4 83 122 110 177
4 187 145 176 213
4 195 205 201 213
4 102 209 199 211
4 80 193 93 208
4 191 202 198 204
4 204 209 194 219
4 84 110 111 210
4 152 214 192 217
4 108 198 79 218
4 60 75 68 193
4 126 125 155 196
4 83 85 177 215
4 192 191 202 203
4 60 193 80 208
4 156 155 125 195
4 192 153 203 214
4 65 74 114 194
4 106 108 79 218
4 196 201 191 219
4 198 202 200 208
4 200 203 196 206
4 68 163 96 193
4 68 96 93 193
4 168 177 197 215
4 193 202 191 203
4 109 198 107 204
4 153 148 192 203
4 57 64 74 194
4 125 144 156 213
4 69 200 194 207
4 176 145 156 213
4 65 77 57 194
4 155 196 195 203
4 77 57 194 207
4 187 169 195 213
4 138 131 201 213
4 69 64 194 198
4 158 97 193 214
4 192 203 195 205
4 72 200 193 208
4 139 77 140 207
4 157 193 151 206
4 88 174 197 217
4 144 176 156 213
4 201 209 199 219
4 142 194 119 209
4 114 108 109 194
4 153 192 148 214
4 170 186 199 211
4 97 163 158 193
4 97 96 163 193
4 72 60 193 206
4 135 194 137 219
4 193 203 157 214
4 134 102 113 211
4 165 195 147 203
4 140 194 135 207
4 147 148 203 212
4 65 57 74 194
4 163 151 158 193
4 194 209 137 219
4 79 108 64 198
4 97 93 96 193
4 109 204 105 209
4 99 95 197 202
4 173 146 195 212
4 109 108 107 198
4 156 145 155 195
4 128 196 154 216
4 99 202 197 210
4 192 212 148 217
4 75 60 61 206
4 155 165 196 203
4 192 197 202 205
4 200 202 193 208
4 152 192 148 217
4 95 202 98 214
4 193 203 200 206
4 136 201 196 219
4 136 137 209 219
4 147 203 195 212
4 134 113 178 211
4 137 194 142 209
4 180 182 205 213
4 126 155 154 196
4 157 203 193 206
4 126 154 128 196
4 56 69 70 200
4 191 197 202 204
4 131 196 136 201
4 105 204 199 209
4 88 99 95 197
4 172 186 112 199
4 155 195 165 203
4 56 71 69 200
4 181 166 182 205
4 109 115 105 204
4 192 202 193 203
4 98 202 193 214
4 138 125 131 213
4 195 203 192 212
4 187 176 169 213
4 199 205 197 215
4 192 203 193 214
4 202 208 198 210
4 136 135 137 219
4 109 107 115 204
4 145 173 146 195
4 152 148 192 214
4 136 209 201 219
4 185 85 174 197
4 145 187 173 195
4 196 207 129 219
4 92 192 95 214
4 180 205 195 213
4 70 206 200 207
4 136 196 129 219
4 166 180 182 205
4 75 61 151 206
4 139 63 77 207
4 125 123 144 213
4 107 204 198 210
4 181 205 199 215
4 69 64 57 194
4 179 205 174 217
4 153 147 148 203
4 101 119 194 209
4 157 158 151 193
4 198 204 202 210
4 159 196 165 203
4 200 206 196 207
4 199 204 105 215
4 98 193 97 214
4 180 195 205 212
4 140 135 139 207
4 86 95 92 192
4 193 202 192 214
4 71 198 69 200
4 98 93 193 208
4 79 198 58 218
4 84 99 197 210
4 105 199 102 209
4 101 142 119 209
4 202 204 197 210
4 102 134 209 211
4 205 212 192 217
4 196 203 159 206
4 158 193 157 214
4 200 207 196 219
4 91 208 202 210
4 112 102 105 199
4 136 129 207 219
4 149 212 183 217
4 72 193 60 208
4 170 178 186 211
4 140 142 135 194
4 198 210 208 218
4 95 192 86 217
4 107 116 204 210
4 165 155 147 195
4 193 202 98 208
4 85 88 174 197
4 172 112 104 199
4 146 147 195 212
4 72 200 70 206
4 103 204 116 210
4 91 208 210 218
4 135 207 194 219
4 181 197 205 215
4 77 63 57 207
4 76 208 90 218
4 72 61 60 206
4 172 199 104 215
4 92 95 98 214
4 198 200 71 208
4 129 196 128 216
4 147 145 146 195
4 192 205 195 212
4 107 116 115 204
4 135 142 137 194
4 181 182 199 205
4 153 157 203 214
4 126 128 129 196
4 91 90 208 218
4 157 165 203 206
4 158 162 97 214
4 73 139 130 207
4 69 194 57 207
4 137 142 143 209
4 131 129 136 196
4 136 207 135 219
4 194 207 200 219
4 93 94 80 208
4 64 58 79 198
4 80 94 62 208
4 164 149 183 217
4 206 207 59 216
4 103 116 111 210
4 155 165 159 196
4 130 73 207 216
4 185 174 168 197
4 103 105 204 215
4 159 203 165 206
4 169 173 187 195
4 151 61 150 206
4 101 143 142 209
4 172 170 186 199
4 119 114 109 194
4 97 98 93 193
4 164 152 148 217
4 70 200 69 207
4 154 196 159 216
4 87 152 164 217
4 70 59 206 207
4 164 82 87 217
4 76 94 90 208
4 78 160 206 216
4 107 210 198 218
4 104 199 105 215
4 112 105 104 199
4 136 133 201 209
4 81 189 88 217
4 101 194 109 209
4 62 60 80 208
4 103 105 115 204
4 136 137 133 209
4 160 150 78 206
4 180 173 195 212
4 92 97 162 214
4 159 154 155 196
4 91 202 99 210
4 85 84 99 197
4 197 204 199 215
4 56 72 71 200
4 152 87 92 214
4 198 208 58 218
4 110 118 103 215
4 85 99 88 197
4 153 165 147 203
4 76 58 208 218
4 136 129 135 207
4 98 94 93 208
4 98 202 91 208
4 139 129 130 207
4 129 131 126 196
4 155 145 147 195
4 70 72 56 200
4 105 101 109 209
4 201 211 138 213
4 98 97 92 214
4 130 207 129 216
4 129 207 196 216
4 101 119 109 194
4 133 209 134 211
4 196 206 159 216
4 174 181 168 197
4 115 116 103 204
4 59 78 206 216
4 165 153 157 203
4 171 211 182 213
4 138 201 133 211
4 132 134 178 211
4 158 41 97 162
4 157 151 150 206
4 62 94 76 208
4 157 159 165 206
4 152 92 162 214
4 180 173 169 195
4 174 185 26 85
4 161 128 154 216
4 69 71 64 198
4 87 152 92 162
4 58 64 71 198
4 94 91 90 208
4 61 72 70 206
4 119 101 49 142
4 71 58 198 208
4 164 183 175 217
4 150 61 78 206
4 71 200 72 208
4 172 181 199 215
4 73 63 139 207
4 196 207 206 216
4 132 178 188 211
4 133 201 209 211
4 172 182 170 199
4 61 59 78 206
4 181 168 197 215
4 180 195 169 213
4 189 174 88 217
4 126 155 125 54
4 170 199 182 211
4 88 95 86 217
4 61 70 59 206
4 182 172 181 199
4 199 209 201 211
4 131 136 138 201
4 94 98 91 208
4 168 190 177 215
4 117 210 107 218
4 143 49 101 142
4 124 138 211 213
4 140 139 17 77
4 155 126 154 54
4 69 57 63 207
4 135 129 139 207
4 158 157 153 214
4 59 207 73 216
4 104 105 103 215
4 143 102 134 209
4 25 88 81 189
4 159 206 160 216
4 82 86 87 217
4 179 166 181 205
4 62 80 9 94
4 91 210 89 218
4 107 117 116 210
4 26 88 174 85
4 152 153 148 214
4 133 138 136 201
4 92 97 41 162
4 76 58 62 208
4 13 79 106 108
4 171 182 180 213
4 91 89 90 218
4 80 93 9 94
4 123 125 138 213
4 124 138 133 211
4 31 112 186 113
4 184 123 34 213
4 161 154 159 216
4 176 184 169 213
4 98 95 99 202
4 62 72 60 208
4 106 117 107 218
4 84 91 99 210
4 142 141 48 121
4 178 31 186 113
4 143 101 102 209
4 63 17 139 77
4 180 166 179 205
4 114 74 14 108
4 68 23 151 75
4 132 133 134 211
4 59 63 73 207
4 63 70 69 207
4 155 125 54 156
4 117 89 210 218
4 78 66 160 216
4 163 158 41 97
4 111 89 84 210
4 38 183 149 212
4 167 179 174 217
4 152 87 42 162
4 34 171 184 213
4 45 111 117 210
4 143 134 133 209
4 105 102 101 209
4 81 82 189 217
4 187 36 176 145
4 189 167 174 217
4 76 62 10 94
4 45 89 111 210
4 64 14 74 108
4 79 13 64 108
4 90 67 76 218
4 92 42 87 162
4 81 82 24 189
4 45 117 89 210
4 38 149 146 212
4 90 76 10 94
4 175 82 164 217
4 160 159 150 206
4 118 122 28 190
4 183 212 167 217
4 11 76 90 67
4 188 171 124 211
4 152 162 153 214
4 189 25 88 174
4 130 127 66 216
4 130 129 128 216
4 171 124 211 213
4 123 124 34 213
4 93 8 68 80
4 117 100 89 218
4 90 100 67 218
4 48 119 142 121
4 66 127 161 216
4 100 11 90 67
4 79 67 106 218
4 164 82 43 87
4 68 23 163 151
4 29 190 172 215
4 99 91 98 202
4 188 178 170 211
4 91 84 89 210
4 66 161 160 216
4 120 106 67 218
4 124 132 188 211
4 179 167 173 212
4 156 176 36 145
4 86 81 88 217
4 127 130 128 216
4 41 96 163 97
4 34 124 171 213
4 62 71 72 208
4 150 159 157 206
4 127 128 161 216
4 122 177 28 190
4 18 73 139 130
4 71 62 58 208
4 123 35 144 184
4 150 21 160 78
4 146 148 147 212
4 29 172 104 215
4 116 117 111 210
4 161 159 160 216
4 78 150 21 61
4 38 173 183 212
4 39 149 183 164
4 171 180 169 213
4 33 188 171 124
4 70 63 59 207
4 143 50 102 101
4 152 164 43 87
4 130 66 73 216
4 124 133 132 211
4 139 73 18 63
4 38 146 173 212
4 89 100 90 218
4 176 7 144 36
4 20 160 78 66
4 175 189 82 217
4 183 167 175 217
4 96 8 68 93
4 66 130 19 127
4 161 66 20 127
4 20 160 66 161
4 65 141 16 140
4 144 156 176 36
4 113 178 32 134
4 156 144 7 36
4 89 111 84 45
4 120 67 100 218
4 117 120 100 218
4 35 176 144 184
4 175 24 82 189
4 50 102 134 143
4 53 154 128 126
4 140 16 65 77
4 188 170 171 211
4 1 100 120 67
4 124 33 188 132
4 111 84 46 110
4 163 40 96 41
4 137 143 133 209
4 170 182 171 211
4 174 25 88 26
4 132 32 178 134
4 82 4 175 164
4 146 149 148 212
4 62 9 10 94
4 103 118 104 215
4 100 1 11 67
4 4 39 175 164
4 37 38 146 173
4 106 120 117 218
4 121 141 2 65
4 19 73 130 66
4 175 39 183 164
4 138 124 123 213
4 46 84 111 45
4 86 82 81 217
4 190 168 172 215
4 161 20 3 127
4 154 128 161 53
4 66 3 20 127
4 51 113 6 134
4 41 42 92 162
4 55 125 144 156
4 178 32 6 113
4 23 0 68 163
4 113 32 6 134
4 188 132 32 178
4 52 161 3 127
4 0 8 68 96
4 64 13 14 108
4 24 4 175 82
4 163 0 68 96
4 84 46 110 47
4 49 119 142 48
4 104 29 30 172
4 162 158 153 214
4 171 169 184 213
4 5 122 83 177
4 120 12 1 67
4 2 15 121 65
4 117 45 89 100
4 33 171 34 124
4 59 66 78 216
4 82 43 4 164
4 150 22 21 61
4 55 54 125 156
4 141 16 2 65
4 50 143 49 101
4 79 12 13 106
4 176 144 7 35
4 173 167 183 212
4 5 122 177 28
4 181 172 168 215
4 83 84 110 47
4 76 67 58 218
4 139 18 17 63
4 44 100 117 120
4 79 58 67 218
4 43 152 87 42
4 19 3 66 127
4 76 10 11 90
4 100 117 45 44
4 178 6 31 113
4 73 66 59 216
4 9 8 93 80
4 185 26 85 27
4 27 5 83 177
4 35 123 34 184
4 128 52 161 53
4 73 18 19 130
4 55 144 7 156
4 30 112 186 31
4 145 187 36 37
4 149 183 38 39
4 134 51 113 102
4 48 141 2 121
4 1 100 44 120
4 127 52 161 128
4 126 53 154 54
4 189 175 167 217
4 74 14 15 114
4 40 0 163 96
4 110 122 83 47
4 151 23 22 75
4 102 134 51 50
4 17 16 140 77
4 28 118 190 29
4 160 21 20 78
4 25 81 24 189
4 132 33 188 32
4 83 122 5 47
4 199 219 204 191
4 204 219 199 209
4 217 86 92 192
4 92 86 217 87
4 92 214 217 192
4 217 214 92 87
4 219 200 198 191
4 198 200 219 194
4 198 204 219 191
4 219 204 198 194
4 215 85 110 83
4 215 110 85 197
4 84 110 85 83
4 84 85 110 197
4 108 74 194 114
4 108 194 74 64
4 218 108 107 106
4 218 107 108 198
4 205 174 181 179
4 205 181 174 197
4 217 149 148 164
4 217 148 149 212
4 145 173 37 146
4 37 173 145 187
4 212 180 179 205
4 212 179 180 173
4 112 172 30 186
4 30 172 112 104
4 212 179 217 205
4 212 217 179 167
4 144 184 213 123
4 213 184 144 176
4 61 151 22 75
4 61 22 151 150
4 85 177 27 83
4 27 177 85 185
4 122 190 215 177
4 215 190 122 118
4 186 113 211 178
4 211 113 186 112
4 67 106 12 79
4 67 12 106 120
4 65 114 15 121
4 15 114 65 74
4 215 29 118 104
4 215 118 29 190